$ANSIBLE_VAULT;1.1;AES256
61623365376437393336643666366461323661333461656464353463616638663836386665373962
6662353562383533326563666639363433356566323132660a363431306462393536343331623265
30393231386665666534636665343432353731643765653232376665623939353266663136386566
3932336663393162330a626162613632323236333165313664323632306165303163336637376237
62643335326637646137363661303834666564336165343364366163653464353564616464363366
31336362373835636338326466306636616239326339373163616232653066313330616233346332
34343761633739666663396164336362656439636633643861353430373532383338613832316539
39363332643637343766643162633263303261313136623965336264323261346631623831343639
62623935323734353636356234363565366235393337623130363632613262303432633030633837
34376438626463316330306338303966323533393236653533326635616532363133323239653539
66303434383466343235376137323966373366653263616137346233326636613732323361343131
33366233303438633434333139313764346534306231616133663365356339616639383639366638
31316536333233656430663235333261363436653734636139623132326539396238383539656563
33316538336135363739343231363737353335346432666466393139356638396531303564383139
35316262363338333964653661396530633030646134366466646462663862663163373736373232
38333338393831393063633037656630656530303236396466303562396262623434343731383761
35613834386139653965623332356165376131646162666236646465666439613333616630383939
31326337333436323964343033383162346232306161346535626365643433306461313132326434
61356635356665633363353936313934643332626331643064653536323334383032363731313165
32353832323830633739383163633265636261633837303035633665646664626637363365633830
37633434303930363536626336383232333464343931333463313561643432616566353730323731
30326638306566356337613634346235613033393166663662633263303637326334313865333661
65666437303532636162396233326139323365663338343031646439656231363033313362363865
39396131656161623533643530333634363661343664373465636333343737643239373661343735
65306665616632623537323334626132343430323837313337343061636231656337363163623864
61653566316166646335336362303632623061636334646530396431633238636366336463393566
39623763383334633435363761313937663061373232633635633838333733376330383330333530
38316333623636313138373832643633343763366633636665326439323437323262313334633837
63376532386534656561386137653437336465613030613431373732393135333233383037653432
66316461663431613433373666393934336335646638346636353930323733643439346531656664
64393638343865643564386532373165643534323263633839343839323839613438396564626335
33663737336631346163333838643766643836613066383932393536656564316265383737303930
32346539313761643165353963623836336337343035303465343937633262316630316133663461
39346633613261343362326463323466336462623634343461383637633763313862323036653339
39306235376262313439353838643066663463346433623233636539313139383761653338613531
62616634333331666436393430353834326662393930383463636234343161633166343534623662
31386562386234366235623361613939663238353966366130366366383862343630323434646337
36643761663938346564306262393465343864383838646538336365383338353361666532306335
65616633353132303463643939363336363133616561623330653861313935656337653534343135
39376166343135393630666439303835636339306330373966623830333131336634343234613631
34633133636638663138653232616135343064616561613437353731633736363961636139653961
64643433363763373464376635353036396531333764636161313331613062366132656466323130
34613238666132343161383835663733396237663034303134303731336364393836393965343664
64336333376236333332666237386331633966333238636565353436623033663966646665633663
36363633336234323538386339643665616261303166313134313461323565323736343935613639
32613939393363373731383566326231316261626431303934653536356461646366316665323366
39373034343762613766373931313363356634346662653263333030643036663665626430316439
30316336366435366330333161616664366566306163613566316435376633373439343231363732
66653561633561303065616538613235363361623937396237656635386663643139663332643261
32613266663436396430346661366465663330633165373431663765613964623734653537383561
63616339626138393535393239303466393937396164303934396632663762313031323763333761
32396661656331633966663663323262373731353935333631616561633436376666613330363838
38363463303138343261393662306430356538663065653030663738396137343365366534643531
31363533393034616439306666393363393761366436363965313033626361323261613232633836
63666430663439666363643339393465636338316163353836613366633065366139656231326666
32626463383535386336313362326565613231633363326534326136666137636161623134613935
65396332333632633837393937306539393232643462643437383132393135343736336163326661
35306535656462646132663836383833323038373039313637336266633037336364346534336461
33656439363532323836383739376562323935656533613866363535336530343832363030363466
38613236353132316462663133386138363035393062633532313738326135363862323161313931
38623465393434346630336435653734343032393734373434636239346538316634613865363062
66613932373432653330623762356664373932353031393830613637663630643465333434643532
34613563363363363736343032393631613561646133643761393466316663623765363734353236
33346638633663343566623962386461633439643930353535623364313066346366313231333063
37663862393037633061363764616664333135656131323430303661663534633061623936356231
66613561363963326261623962353739383837333637373030356331353333653338366561653534
61343535396435346562616434623934623366346363633636363464663364343063633537333933
61346239616531366464326237643066666264333433616434383038366562663035363037326631
31303964386333623233396631343139306236623836643166333731623134383037363935346239
65396662646131643562346437643130313261633638313265336338313461316232396266303633
33373837616233363139613034613463353561646362636437323664383531343865313530353733
30633931316461323763653463666532636430333434623234346165643164666264663066613233
66373134303732343064616663373636643265313132623664373963333735306664653562323731
37393834623564373461343034343338616139646433323334336630363266373730373566383830
66363861616234333931663237653966616430373334343663343036396466353030366165653161
30633963316137373335653236353338633939303136386532333636323736326262613032636261
37626336646537343461376633343536663938373162393333623761336564633862386637613863
34613133396566616663316233326132633230343434393963396266343062323438353638323565
65303165303165373263383039393831343333396532326630643064663563303363346166336661
62633233393161633636396633303365316531356433326264353332393237323934666439616633
31353731333132323666353761656337386232636332663136373538623364613765373961376261
39396233333032653633663439326262383938613033323035646264323233643730383734383665
63383035653335333532346363343332623633656530643730666564613761623763633361313231
31393565376630306361613230303539636365303233383032313761343530353637326531633339
63343665623034313138303264643766633462626339636437313764656166316436373566396464
38356437373963343932356133323865643332633432343063393863366232346461346437393436
33373631346637646565656334393530336565336237306439376466656665366336316663613261
33633130346435393335326237623533366365313161386461666631383037623132386535316136
38633063666538353734636632386130623865356231663564633936653431343664656439646239
64316232353630313066633763366165383133306537343162366439343361363464393032333737
31346163353435613266383266323732323265343861363031306533373236396365643135366565
31323032343138376135376636313962383662623738386565373837666335353930396365393730
35323635393536666363653866366237633330353634346539383138623134313136663333616337
32373362656336653336373665366166343533373363346533383635643934663862626666386639
66366263326366356161366538643562363538363736336565626330356435643832656366336535
36623466646130316266393464303031306538653766383832373163346665326464323530323333
35393863303332636665343063303061623831353565383533663835663366643331633233333963
33306135636635383231623935306335613130303132363563316238373533656333356433623566
31636465373363333864623965356331353530363235653162646539303439326234616263373939
30313563653962663365386463353832636636316533663464333339343432393161343530633762
35333035663639666433636439333036353337633139313235616262303234303161643036623931
63383533353463373737653836366639326663353430363063306132663633303434343261316630
66623662633664393165663639386239316532333566333236343235366165316562636266303832
35663462326131376439326337386431663237663263366363316463646166356234376561303533
61633638616430623561623430376130623261643366643761656665653937636466616661623238
64393234356332396261623439663261666338306634376632613635333739363264633835373938
30623932333162636531333633653336353763623033396432643234343834663664653738353231
64653630626636383838613438383230363232666566323765323966656566333565643564306664
62613335633138613566616135613035333361343434623136366433393335363338626365616361
64633835353936303334616431363366346464353437326166636539613235303438653963356633
32373032643430366563306336303634373430313261326262363735343932633763343966323833
35636433636237343639626431313437656330353133616362626662383131656230373931663465
63353839623236326236336136633966666537646537623931376163623235323031613831653232
33333166393332623633643233313032383237313265623137393962383231646531613736343738
31386538653663353563663933373366613134656435353466656366336530666330313135376438
35343864613735313565643961663735373635393562353139633730623766386233353161383533
66646332336130393730336530366165316136646136323139336138616330303062613337386661
32336366663730326538366534316665346462663730646238373062306333386630363637373537
64323839353661316330636466613034663863633164343330643135303661666433353863323933
64393765373161366139343839383065626336376465333130623434336330663965363436306332
33313463386665353737333163393135353936636665643935373931393036333166346237643537
64643264623839333265656664333565376537643562323165626135306461323961663832616638
63336364303166373534393964373931366366656432656636343436633263353931316163396232
39366236643031643536306634656236333930656264346635633430663839616663646134616135
36333934313134666336303165643238323161653339323336303437656632323339393363383437
30386337663539343134646262616361616564333131303962356637393261373433336530343239
31653130336532316538333465653466363635343266363965656663623963653565616331323864
63623434396231656431643234346533366330646266376637326366626639346132323835656463
63303133653165373763306533373433343365616461333731313232363833643932653339383764
35656334666631643264353163373338613362373236363162363863663936333331303531613337
33623732376336376662333136336461363634353536663239303662643966386535356239356165
33376439636630376434653063336135663937613539666565623638666462633536643937343239
62386563626264616333383339623161323836653733653139376232346263656139373934336633
33663731366638396364643166386361613031313236613033653734623861356333343863326361
33306139636536376466393466373461646664336434393539393832316137623336383033666666
35613136313530383166623430373538393862343162353264646630626163383862623736643530
33353564373736633062346561363831356339353638316164366433333135666133366437613666
36396635643830396136373464613239326365336133323233363761616531386263333232313532
62613063373966616662656135646466613838346634343365376266313666363136306665373833
65393563333163383137363232633837386130396632623132326432656532653735656662623632
62343936356461316361323932633631663436613537346561343235363235393262353539386434
66333336613462333731383965336234386336376663306166633636346234353465623861666631
36343539316230393633393133313166633038313362393635643166333764353431623136303734
39366238306631366632313439383039633661383334316530306635396338636535356262383564
30326330363835636161363630643864623833613331323331623531623831386464663466373438
35343335656332373531336265383630633261643832306137356432663133653534326538376638
37333462346534653731653461646461633239336632343965613363633263373565616565636362
31346233353131373166336138323134616535653336636338616431646365326262643335323135
36626366353630306235366437373232376238336362643230336231376430373235383537636563
37373432633661616663353236343534386333303461313732303839656562616461633139623263
66666237306431393030383764376432666563303236643234653265376665393264333566636433
66396432636332626536353562363833373531626363666234396164303866353133336234656266
66333331343563333764316261336332363030393763653337366439343865376534313862366637
66353434346531353535383636363961613432663837336538343236313637326666326439323563
38396564386638363931383739363131373166343366303134356461343137363134353235326438
63373134643764316532343734326539613964383130656339313533643733303163623538633962
37653062383832666633626134333065343266663330666637363264623038336332353738393766
37346132343539333135343965323263303366653865613064343230343563643739386530646564
61373632356531303532346334396232646339303233306634313165393839343261343436376164
31613562666636653632343165363832313033343931646433633235623065643237363865613836
37363035616365376264383334306361613063303934666363323365633264653134393063376465
63643162663263636130393164343037393432613631373832313463373333393463613661636666
35346431363634353565363034316237353935303638653764396438386534383034623331313130
38336230653436383833613265356133366430666634386230656366616336383930316530373265
66313532313932346134363466636666366263646236323736613234646536343238313734356139
39633032346135306361326231653863626137623165613230333833613964613339376635393465
35623637613035313766336266623566666439346635643037666231666638663066343465343161
33383762333665393866306236383862653437306631643131393337666436383430636666643662
64393732643162326563653566313162663830353762613935326135653539333533353432323130
61393230313238336534383432333034393935646133303139663238633739303037623463643330
63336536376233653730336135373837316631313834633034356137623536356364333065626563
31656261323235613464383434326536383263613739393432326534363333333065363639353738
64373866323231643031336138643333313837636538363033323764316336316463303066643134
38306666653862373736353233626633613032666663613661363639313363646563623538306561
37373836323035666632333536313664353530633662343437383961323865326533343235633635
63316564313137616539323561323461343461363833393065343965333138383131633136316232
64663939386261316562643135373766616635383163363136353263333663653731633163383831
34346264386236313962313730613731336636383965613334326138383063613237633734653030
62626639666262313439353037636330366435326631396163656433396262653531323363626539
34343730336566346564623732656435633136623739326261613232636233393737346261306430
38333564313038383236373130653737366236613230666539323638636164373431616132313662
39613639373534623063663536343936646363313533353633643137396365303738313736326639
61376238303639303535393965663432636337353734396634386164303439306664343437613261
66643936396534326566343265366337613936663831386638316265656163346336666262633432
63376633643034393833303235313331363038623334653937646239613635336436653937613534
61396365646565316634333064353530663237376564333965663335653037363034396339653732
30626431306336363634613932396463303162633566373061356266353339333638623763643734
64313430636466336534613534376662363533383466346531376638383535343565646633393930
33373264646166616262613236386430663938613938633066626266656131363665326638306333
63333133656430336533616637653033363563646566363633376338373431633763376333636330
38323463613966363931336464383562316332306338363861346638373164613438623465626333
32373362666331306431636437653438383666323130643563373537316630373763653732393065
33323533366538613738353465353436653737393433636563303237633864326233303932383065
65303139663661316533303832306638623966643964353539303530366265376339653933663639
33656434666631616339663137393035626562346134373139326463373964653433613330636639
32363737663964363739386434656663396565646634623138353730626563346639613864333639
61343637666132303134643337373062326266356533396231633665333465383331393332646461
61663833303435363532393936396439333539326365633538356663353365333932653438333836
65623132376434396534343136333232656566303731343330613636306664616133653231353838
31623231666533633162343936383832656264356330643463666433356665343533386434396134
30643066613135616632393134343066316535613461373564383538373230643239666365333861
37653964666231626634343834373662363935636664333535333436393439383137623262313739
37613136363063373237353735346236366265326333663839626663343739623363303838313361
32306531373764373765353161343935646337643630636630613638346362373736343730356338
36656338316566363331396234633763343236383565623163663264653364393039393532326663
64646331653064633831316231656237343730343731666433663635373562366239396239343566
33316136383863663635646366623639343537616265363135623264666338666662366433393734
33623931326266306263656430633962353836616665633361366166316533656633623435663634
35663266613465343065396562366633356238323238643662343666306166366566353661613133
32633638623362343331646262353464383932656336396639633330636431306261616361386133
38366134643363616566363339656161383734613064373334313031633835316230666565616232
65336263306661636631386262653830363436366536343263636537623432386666623635653362
36633531396663343436636335303862626132383766616461323037343564653939643232643431
65356432613663646462653163313932333931653762366430386430356362323162333830303133
65656132666539616562356431666166386632356230653932373063313865343463353937663333
35396336653166396331316661626239646361366635623264663231306439323861633337626338
32343533316166323466633866633436323335626137383363346166343038383634393030353132
39383138326332373636613961353932623463633462386666316237663463663837356239366137
37316131353136363266623338333261353033356165396466333266633562373735643832393235
34363437393033663164353832616263656639303132623065326461346663363763303238616236
31313861646462373965636161303566663063343838346239326530343337306234346166373436
38663834383365643964613632626631386138303833643733373765356466633933393464633264
39396366653037666164623964303365643730663161383633653965366238303833323738373930
62363633663339643366313732643333663139616461396534326237303138643861363363366262
34303236663532323064643939333235373766626139663861656138643435386335636232656461
64663665383631663435346233626465303261336665653865303064306264346665393665393737
65303538616133383462316537376233396565616438646665666162333862353532303264646132
36666365656134306535663165653230356262653735636335313737396335303865383034316331
35353031396531393837356333633436353438643836363331366237653662643132646162663633
61366630386230396433343534343664303435343633393839343065303136336633366330333632
63626265306430323336633936373333633933643061643962396363313161353230663766626662
30393635383661373836326539663135326134633464393536666432323436373135643166383566
38333535636666386134363339313564313839393136366162383631333834356632376461613233
38353337643935323765356165636230376334366366393231346133643636333864393539633139
66646462613763336530346530316438643936343333616633363765383630373833666531386530
32343034613064333234633438396635643533636666306238646562653835646530346137646163
30313033396638323566616162613562613937323232373832366139616366346232383138333163
62323039663136396531663634633832383337396466303133646461626465333733656263316236
31363361303462363163303266373466336239326532373937613936643762393232326636376362
62396164373439363338313739316361396239363530333035326262333165643331393663616334
36353737636231343465616138373262633433323364623230386132333535616539323730643962
36333535306262393135656434303366666132356237663137363661386633376264643033373335
66313863303935613564643039346332373735333263306361356531623939623932623433653761
63663266656332316231643637623937656530643738346662323935353865346431356138636564
39353439386364336135333163666632323161343030326638636365623533306135393532616338
36363138633935323666363365633966393838653832643638353361383665333164373635353663
64663365643631356630636132343365316164636131336562353266643430613335646135323835
36313039343366626337633363303336346237366130353833333431666134383038633535646134
34323437303335306432336138363934306239623334613331303964623961353661353862633630
63353039313134653862393962633439656263366230373334306531303139373939666463616263
30666533653633366632363264333337396261366661613138613731643837633935353332343337
63353738343934643966356532336266366262636537383962373938326561323663343636613265
32666430613738373037666165646434313961383766343461303537613735356130396265316530
61333733363032363865356334396130353464656666666434306666623334383163373064343433
64383363396238386234346432333831623935613032626632316362376232313739623032636265
64386634373039323131666464626665326538656635373166316535316133333932353064393637
33666638326131313135313036303931616437336664373430666162623731616464636661636239
38656537653964643164376231383633393035346361363238633466376363306439393531333866
35373864346334663761393765333166396430373134643039313238353139343132636163343966
61656264333838303530613965386137646133323564346264363236353332383433326537303333
66353033363761383438336139383539643133613465373330333662663562333736393764613238
38633536653362653431336364643064323966663435623238623930383834663661646664643330
35373664666138353162363537333739636634373665656437376133613632363035643163626263
62643838343939373362613235633661303663623535613033363865636632626339653231343437
37653633626538643335313532616664616433353432623433613133636433336530326237333836
35346636383939623231616462353462643338376163613731333062356662376433626564333734
35663031393764666464343136376434346132373830343334306235386437373332633131616463
36373662643532366463333235343465636432353330376433633030653461613964353362316132
32383039646239383563643561643662356132383936333639613365626661643535626363306564
32306664386436316634383565333835323933336635323563333466316366386161646136333931
61393661303564616437663661363765313433633166396362633236356632323966336561366632
38396630363036303965633937363865663339646237353463653630346531633962623466656131
64326631386333386561313732663561393764656430313365366335663439373562366239623466
31653666386636383166663030316132366137313166373736666238313263376666336234353133
35363435343065373037346363626436326131383030666237306366303165363438386265613530
64643162353235303036306433613038363333663166333463323462383264353035313638623930
37333664666334383235636461323461323638313932356464393666646232386431333137376438
33386331353432366430356339363966363032316136333135333666303039616664323133323735
61386237323666623138653664383330653863366161396563303363343937333030356365316565
61393533376538346662616164393361636563373233633831303564366531343734316233633339
34383832373932623864643934376334343736663735636366653564636135303566653839643738
63376531353334656663363731616233663134353862356531376464356661636632303066326565
33376434646632386139626263386338333333393231383936653630316637616533303738393863
34356364333633373833
