$ANSIBLE_VAULT;1.1;AES256
37346138623862623132313562613434333630616435343661346230343033386638663865636265
3434646361313861326139343362383462636461373332610a346232373964646334393765343662
37376131303364616239616533363433626564373065666135636562626266356239363230306337
3362666335306262660a373033353431306165336465356330353239346532366534656461336630
32343561616565303664373065353638373334393162653738613963656433346363663737333135
32616230643363653362356165333366313430393066383362363835326233623132323634393139
34323032343333363937353965666464316536303730646538333036626161323931333461633235
30643439323862306666613765313931663365613933386163366537383065343138336534616666
63343462343732626562323635613261353465383633653636353937346465316662653964353032
35386137643162303131363238373861313965643939623039643038333435623961373539306239
66376263393435633639396462326261303365333339646233666431306636663261306264333732
64306563666633656364373930393666303235663238303662353635653263393031623130636665
35306164316230636230653261633035663531663533643036633032663534393434666364663830
65333238396365633336643835353838623063663132366631663463656530346562376661366135
65383761383839613835326233633638353732353137626534356565653132623732383964303364
33323138626137336464636638646266653166633737663362633965346266396162633164643865
66326165326264306365306134313062386466393964333931316634383731663963343132353135
32333063363539313962623966373136313036656461613331376366386131306633383530323063
65393631373765613437653766376636373938383231313463306536303130383531656661646635
38343932636331633336373731633965346561363636343239303666323261653831636330303039
64363261353261616632623434373636666632336336656138373039343933343033363462333963
30643936653862303938343537326361333863303839393535613334653236613937656333386165
34353031643266333735353336303631656239353766653564323736306362313735356266613763
66386233663238353163363035636432353638303166346665353533626639303238333364636436
36623461653637313538346234653762386330666437646630383665303535393030333933363162
3362653663393935663762646435353962356664343563306466
