$ANSIBLE_VAULT;1.1;AES256
38386635666134323237313063383932373561353033383639626464306530653432613030323736
3134393235633066643461363634616338376537336138330a643939346663393261326234363939
64663035623338373837373063313130616232643265343861646130326663616365663234316163
3838303637636135380a376262633136613831626639336634343735663435616164316266363037
34653734636662666134376264363937333963303636353037393364383432326631663433643163
31326430396433346161643236653338353938623136656535613333333430346132646162653938
65323034343563646265633664336662366232303832363931653065336265376166393730633630
65353037353364313534633632616562636636373936336239376230343936616464373333623862
38626238636461333439643865303430333534613365353664633336646633643666386136636666
63633635623361363439366437373232636531326561313733646262353931656566663566386334
39333030326533306633393464666563353031616330363563393465313734316433663036653839
39326262396664363462313366363234633135383165306438303461336266356532636436356131
39326266323832636332336563383164373466653563393066646335633937393664373265386430
64363039303039373965393837656439346133376432366666613639326632356234626233343865
61303763316633306239353036323535346638323239353339363166323565633536663937353533
34653536383936646132623036316561383232316232383862313938356338363738346136373636
35386564313630643038666137633035666162313965396235343466646339353631323132333538
37643834633266373266376362633665333534636332376138306130383165356631333630346162
31303064386533616238356663396239323864303630646231366636613362636238346262363735
30646238643336343666386137666561623464646162646135396133313136306165316238393230
32313663666634653038303566346336626462323366313339306266316134363332383730646665
34393037393462353637346338656536386333623133393461666666303938613461326666396132
61383666306535363463306130393233343562623037306266313732343366313963666338623230
66343334646366316139666334376536343737316635653161323332643231623235393433383037
6430
