$ANSIBLE_VAULT;1.1;AES256
34396130623036343862643166656265383239623939663434363265643935616136386562616566
6632393063663633653934353961356335303363306431640a636161643535623635663864326266
34656664616465643738393964643739316163383134303539626531333265383362326536343964
6230613834323836360a653033336539623738656565356164356139356633353566633431626138
34316261663364623434353962663930633730303236656430386534363465313036373461373466
62613235376136653565393764623264313263663938393534356562373762646634616464643833
63623032313030316666333062373131373934643832313037316432663262313532633639306536
39626664666366356431316336633835613061396664383932366331323036626539323439653661
66613466346465343939366565616266396239356237666365333237333336623634633839643431
37613231386235626166613762393863623066386630626466346236376430303563633833353138
38633635666261363536663761373765393533366663333564343335386139363833653139633266
36316637666135633537383766326138343530623232353130613936666439653864393630633661
33323835653165396161316666346238663534396436653130613539373039666535663330666536
35363433353161613531663536393333333839323332333934336534313839376262353066653233
30336434383234383335666364363836396361313334626233636164373966663965343364303662
38303065656532623337393937383766343066353265626230333533363530623935353664336566
39616431633566363738356265633732316565323061386466613530333830373965333736316339
66353238313862333761633464303462653330306465316561313635666636356161383464373935
65636662653961363331356238316338373931653864303333653737336439623931646163383132
35383036643737616566396162303430623231393038623238633538323164626663336161656133
64303535353235663537363735343137383737623932653463333734626234363634326433306562
37656665376137303337303364613034666430306264376264663636336637376132383162326538
64613637336231613235636230346435336465333334313837646361316133663861353466653338
64623264396238313164633736646166356662326530396538643039343265646361346465306532
6234
