$ANSIBLE_VAULT;1.1;AES256
38336230653832623531346663366563336333643561333938643130303664383864373532356631
3564613235386336356532613963366334393863336461350a373636613265346661353466366636
65333531336164666439386363626163393833646566363732643730353663656132396664383066
3535393035363036320a663764336236323633616164336332373536613730646636323934623335
66393230373062643930656463626433653866623766396261666532653038616430313130356435
62353539653934626435646434376534663538616532616133323736306135653062646166656161
30633035323763663666393863663465626366643130386133663862623134633266303931353434
63343463653338383838386438613961393838633934633265643761313466353362636138396564
31653932653362363832623839353230396433616636303230363961323266333939366532336332
38353135396434616630623635343731626537636338386361303930623435306430626165656464
31343034343238646439613038623362626538343432633637626661653565393666353664326335
34306330653961363531613736656561343332653734636565333731646665336361343238313432
34383536323264336235356437383136393661386234666434643462343066393561613761653930
32393339653336616264323564346238353366646661393635646431353733316261663933383436
31666161333436376638376133623664396661336137333338653363666563336234383837343262
65666662623734666532616265633564636534363865356662316561393339663865393130643262
35373931663032306435336332666333656435633465383965306635336133643136346630313034
64343139383064373066383964313639333733643236323961653037343031326461656437646264
66613465623939626439623838386635373764626630643337373565613830393438623331303831
66326465373236336538353265303465303737353864396237313637643033626166653639333964
30656533376135666532666533336365623538313566616666386339623736346431646331313939
66616362653564376338356431646438613234646666313366386530363266323535373563393039
34316136363665653464653536303665643831336236316534376433616533363036323739663530
38336664326334303766616330656564643366666237396137653833653263323331383935663761
31636237313565303133656265303365333365653936383464333438333166646362396665623863
6235643966626336396634343036613939616166393930666333
