$ANSIBLE_VAULT;1.1;AES256
35653561613638323964346563383564303735313635333132373061636363303536646565633061
3435633062643361656136343132396330653331363734330a306531623830653164346665653537
64393463306131393764396366646664623333356636643039316234336631373963646264616434
6132356637666563620a393034333762353238666433393462366562343832653431616163303538
36336264656464303538666234386635383334313638343763393932656366636339623437393236
33656165363430653737656235653236623534643536343961346630393335613239653835363766
34313361663331633534386331333663646637613262616430666561666166316663643039386465
36386161346333613261383837616139653862613564396332313733616331383566333931383438
65393838326331326239333166306566363264363935373563333932626238303933366266663938
62623363386463393936376630313531613739326136643239303438313232366533343437663865
30663933653033643562316332643238643465663433303565333964303262366639313638326532
30666533333136333662366464633064356666643539613737666461333133623234346365303561
31653566616262663365663535383034666337363635366239653934663330633164386663613363
62333736613263373036386237313934636466666163326533303338643466353965396132313762
63633433386538323739373034366131303861636134303831383964643131356465353665666366
37383335663837376538336531353061633562626437663137386665653731623933323161643466
30343363386437323838393163656166386533643332333963386232333437306464316264393031
62646531303138313765643639366132653637316665623437306438653232646565383865386131
37373033616436326635613037306333396336616332653632363732656562343764633232383437
61333138396137306434343433663736663763366332666434363361636635383864333336633264
66653037333365333731656434653833383035323330636530323461366235353334313430646537
63353439323430666238623036386563333061623134616365313865323666383734313662636332
63383839653933666162323935353235376265313762383830653237333231383461303734353265
64383362313731653837323963333566323230336634333634373737663330613537383166666239
3534
