$ANSIBLE_VAULT;1.1;AES256
66633236336337373934616431656635623038373437643233303938356666663166373631666239
3965373230653163343265656235383064386331623033380a343134346663373836373562633038
33653964653661333331636163616135643136663161336461316633373032313437366234663738
3932386631616562350a663135633261383064383266633337333337316330613436623735356631
61616130353439343865643138366661326466376238373635623161623631326138393230306634
63636137303132316363303334376161383436343361363831613330363462373437626530336363
64613965626333663033356530333937363537333434323437343839363065393439653835323061
31353264323064643738393666653838383930316539353837316631383438383265616233383035
30353730626365393865373063323730306434626534383764646430653164313538656536326363
37363030346534643861333761643563393638613630363935306331656531623737366135383661
37313564653530323565653436313862323535356563383138363430616136643336373563336638
64363462376530646265653265613435613565613735356363303139613533656332663033323334
39653164373138393131393831313630343939396237663539396261306163653561366632363931
36363031343663323736653239653964633865646361363965326533316161663734306537656238
31336566336237303562626663633362616136623035643362373561363964326533373935323664
33303939313165653166666463376538343164623833323634333430316662646634346134653065
61326230663231373831303036303734356530363666636663393363633361356361636566343063
35633539666431386234343265373861363437366465333830373936383631666462636135653731
61623965326536633336616661663031333461383737356366383731333630383561303035346634
61353665343761383330313631343466336231316563383832396165343437393665396334336633
35333965366563633534343338383966643339613765613064353434383638373332626330656330
39316633353037353337326536306263303830616336633832623661653663353166623334376261
35373036306534373135636535666664316339646231316566653661393866363634623733346537
32326161393033663166346231316438363361356432353433346630376239346137646661306133
65363964656639623230636166636335313632346236646432643864396664313933363032353934
6439336136653762616636336564623063653766326366316435
